y =  0.0654205607477
z =  321.0
b[] =  [1, 2, 1, 2, 2]
x[] =  [0.06230529595015576, 0.12461059190031153, 0.06230529595015576, 0.12461059190031153, 0.12461059190031153]
u[] =  [1, 1, 1, 1, 2]
v[] =  [2, 1, 2, 2, 1, 2]
V[] =  [0.7538940809968847, 0.6884735202492211, 0.7538940809968847, 0.7538940809968847, 0.6884735202492211, 0.7538940809968847]
[11.0, 11.0, 11.0, 11.0, 11.0, 11.0]
